Monte Carlo Pi:
  total_samples: 50000000
  pi_estimate: 3.14145792
  elapsed_sec: 0.277312
elapsed 1.11
