Monte Carlo Pi:
  total_samples: 50000000
  pi_estimate: 3.14135496
  elapsed_sec: 0.554425
elapsed 1.35
